60
-21.85848
1
-6.590664
-14.85989
1
-20.11431
18.33531
1
20.83148
-5.837193
1
-3.944481
-19.53868
1
-15.59828
-5.941063
1
3.123087
-8.252905
1
-7.500217
-9.74929
1
-0.1006165
0.5387974
1
3.653191
7.674029
1
-19.57964
-4.768631
1
12.99212
-17.65097
1
4.026388
-15.04396
1
-4.556141
21.55192
1
-13.97971
17.78178
1
-21.70122
10.17779
1
4.261122
-7.48489
1
18.8127
-9.355312
1
-18.54454
-2.365919
1
-11.84454
10.02763
1
22.49788
12.66548
1
10.21351
-17.05588
1
-10.45408
-21.94866
1
21.27086
3.37331
1
-19.04878
-13.1062
1
15.69406
22.45628
1
14.7327
2.818539
1
-14.78801
8.677362
1
-1.003073
14.19139
1
-3.93206
7.164402
1
17.69694
12.26955
1
-12.86186
-1.396528
1
-5.765703
2.948587
1
-6.464113
-15.92666
1
0.01210594
12.27943
1
-18.81762
14.22809
1
14.79157
17.71693
1
5.221556
-17.11624
1
19.5899
-21.08673
1
16.50891
-1.546638
1
22.84272
10.64178
1
-7.084866
-2.742605
1
-19.97037
-14.50886
1
7.94786
-22.61197
1
-21.40216
20.02463
1
10.18902
17.19695
1
-9.673615
-1.902554
1
-1.594023
-8.902046
1
10.45711
1.816378
1
10.33428
-4.781216
1
7.458808
-7.458481
1
-22.94995
6.257871
1
-11.95022
-19.13524
1
9.452929
6.220094
1
5.66884
-5.390863
1
-14.85115
16.63229
1
-14.36755
2.955097
1
19.08761
16.69906
1
0.544281
-11.40995
1
21.24861
-0.3438091
1
15.78045
24
0.25
-1
11.45567
1
-9.973362
4.603229
1
-9.207168
-1.881224
1
-8.805122
-6.821884
1
-11.17569
-16.04992
1
-7.50511
-22
1
0
